0.09485737979412079
0.14796574413776398
-0.46601808071136475
-0.3074897825717926
-0.09335208684206009
0.0
0.0
0.0
0.46442118287086487
-0.1651458889245987
-0.31200075149536133
-0.20355574786663055
-0.11836690455675125
0.0
0.0
0.0
0.22752328217029572
0.4510573446750641
-0.38273173570632935
0.03584376722574234
-0.3111683428287506
0.0
0.0
0.0
0.1452859491109848
0.012216511182487011
-0.15250614285469055
0.12818898260593414
0.2854396402835846
0.0
0.0
0.0
0.3959202766418457
0.3657805919647217
-0.023327913135290146
0.09385427087545395
0.16832813620567322
0.0
0.0
0.0
-0.340055912733078
0.581376850605011
0.4267842173576355
0.07548238337039948
-0.2586914896965027
0.0
0.0
0.0
0.38419628143310547
0.3512464165687561
-0.15741987526416779
0.09910181164741516
0.14473043382167816
0.0
0.0
0.0
-0.3584427237510681
0.6003206968307495
0.4320816397666931
-0.4267902374267578
0.07139080762863159
0.0
0.0
0.0
0.4759730398654938
-0.2664720416069031
0.32665106654167175
0.16454456746578217
-0.46396103501319885
0.0
0.0
0.0
-0.09702999889850616
-0.5044834613800049
0.40852493047714233
-0.3133392035961151
-0.16262231767177582
0.0
0.0
0.0
0.06829357892274857
-0.3545774817466736
-0.35139143466949463
-0.3942365050315857
0.19016176462173462
0.0
0.0
0.0
0.3850579559803009
0.03966550901532173
-0.2821939289569855
0.06160305067896843
0.2797684967517853
0.0
0.0
0.0
-0.027843434363603592
-0.05412624031305313
-0.31928327679634094
0.26053306460380554
-0.38939759135246277
0.0
0.0
0.0
0.05139327049255371
-0.1498316377401352
-0.3875497579574585
0.1558474451303482
-0.014225943945348263
0.0
0.0
0.0
0.44488751888275146
0.4478849768638611
0.09587348997592926
0.21694888174533844
0.11123587936162949
0.0
0.0
0.0
0.048921894282102585
0.29125073552131653
-0.3985936939716339
-0.11338993161916733
-0.3805765211582184
0.0
0.0
0.0
-0.25829246640205383
0.32772180438041687
-0.4567968249320984
-0.02059553563594818
-0.4502871334552765
0.0
0.0
0.0
-0.11321462690830231
0.18895713984966278
0.4187038540840149
-0.3042246401309967
0.16483630239963531
0.0
0.0
0.0
0.19436730444431305
0.38407206535339355
-0.3064308762550354
-0.32728520035743713
-0.11638644337654114
0.0
0.0
0.0
0.07571973651647568
-0.01265984307974577
-0.15371255576610565
-0.30847957730293274
0.007357439957559109
0.0
0.0
0.0
