-0.1135130301117897
0.3670649230480194
-0.4052443206310272
0.004925677552819252
0.11061059683561325
0.22065164148807526
-0.4109930694103241
0.29159021377563477
0.46366652846336365
0.27453145384788513
-0.3327764868736267
0.045261695981025696
-0.2048778235912323
-0.2743092179298401
0.42715999484062195
0.17370963096618652
-0.29910025000572205
0.19986829161643982
0.31378448009490967
-0.5037967562675476
0.17365622520446777
0.22591544687747955
0.30335748195648193
0.4235265254974365
0.17928890883922577
-0.02372686378657818
-0.3710230588912964
0.29625222086906433
0.40412965416908264
-0.07338669896125793
0.13370293378829956
-0.2313135713338852
0.23070397973060608
-0.25130191445350647
0.42341339588165283
-0.02045811526477337
0.38138696551322937
-0.21578100323677063
0.024609804153442383
-0.2421266734600067
-0.35261091589927673
0.07318733632564545
-0.040262531489133835
0.05724645033478737
-0.11922602355480194
-0.37815913558006287
0.1225857362151146
-0.023353679105639458
0.34671488404273987
0.10840853303670883
-0.06722163408994675
0.10951443761587143
-0.1917654424905777
0.3257666826248169
-0.36473676562309265
-0.04347928240895271
-0.39400652050971985
0.4160408079624176
-0.36981692910194397
0.2308429777622223
-0.18849971890449524
-0.01844315230846405
0.05587203800678253
0.28612345457077026
-0.1609920710325241
0.02932070568203926
-0.17792735993862152
0.03862713277339935
-0.30784744024276733
0.18244707584381104
0.05141110345721245
0.3331943452358246
-0.0703219398856163
-0.1861780285835266
0.13444951176643372
0.2343837320804596
-0.20985914766788483
0.23502957820892334
-0.15358391404151917
-0.2352510541677475
0.1762210577726364
-0.10627755522727966
0.04318166896700859
-0.1671738624572754
-0.03062247857451439
0.0374804250895977
0.12598305940628052
0.15144410729408264
-0.24606065452098846
0.3543465733528137
0.10990428924560547
0.05389818549156189
-0.4113366901874542
-0.2667016386985779
0.0014268229715526104
0.18455494940280914
0.14132851362228394
-0.0921826884150505
0.06499561667442322
-0.01637703739106655
