-0.1545557677745819
-0.07841429859399796
-0.2086300104856491
0.4345455467700958
0.0013841156614944339
0.038110896944999695
0.10011807084083557
-0.19893257319927216
-0.3886035084724426
0.07433553040027618
0.07837631553411484
0.1784658133983612
0.24198000133037567
0.03260796517133713
0.10191841423511505
-0.18081237375736237
0.3921501636505127
-0.10266483575105667
-0.07798481732606888
0.04312073439359665
-0.17140385508537292
-0.07562877982854843
-0.18294717371463776
-0.11259033530950546
-0.06470287591218948
-0.17419907450675964
0.22236685454845428
0.0685027539730072
0.13566924631595612
0.04808879643678665
-0.21947337687015533
-0.052865512669086456
-0.15443868935108185
0.012618609704077244
0.028032580390572548
0.013195165432989597
-0.11348611861467361
-0.24404169619083405
0.10859295725822449
0.2669152319431305
0.2562755346298218
-0.2343023121356964
-0.43758153915405273
0.20020273327827454
-0.08738910406827927
-0.2611854374408722
-0.11183818429708481
-0.21148239076137543
0.1929112821817398
0.11686413735151291
0.21054628491401672
-0.1326921284198761
0.24674348533153534
-0.3486948311328888
-0.1728385090827942
0.015709400177001953
0.17909479141235352
-0.09566596895456314
0.1725502908229828
-0.12790827453136444
0.3848411738872528
0.16252799332141876
-0.07230593264102936
-0.10520178079605103
-0.31737104058265686
-0.1920429766178131
0.22257336974143982
0.21509316563606262
0.22436270117759705
0.15822012722492218
0.3067777752876282
-0.28033292293548584
0.04582164064049721
0.15904754400253296
0.12399709969758987
-0.002110486151650548
0.42782658338546753
-0.08966905623674393
0.46605184674263
0.3825784921646118
-0.19856102764606476
-0.27083057165145874
0.18739907443523407
0.3544166088104248
-0.17603132128715515
0.2324361652135849
-0.17220135033130646
-0.3070763349533081
-0.34275010228157043
-0.04802408069372177
-0.18851926922798157
0.26847633719444275
0.0022400659509003162
0.07597002387046814
0.057266611605882645
-0.23847061395645142
-0.2642190158367157
0.21177957952022552
-0.45981529355049133
0.08474626392126083
-0.18112215399742126
-0.20414100587368011
0.21503861248493195
0.4504599869251251
-0.0026244281325489283
0.17511233687400818
0.36825767159461975
0.008709832094609737
0.23664382100105286
-0.1567085236310959
-0.34352830052375793
0.32273221015930176
0.0819990336894989
-0.07299891114234924
-0.23666495084762573
0.20680387318134308
0.214191734790802
-0.14204996824264526
0.44175052642822266
0.050920795649290085
-0.3526536226272583
-0.3424774408340454
0.122518390417099
0.004122593440115452
-0.0029379373881965876
-0.22402149438858032
0.32325688004493713
0.0615239180624485
0.11603234708309174
-0.20759406685829163
2.1303876565070823e-05
-0.11527200043201447
-0.26370757818222046
0.2945225238800049
0.08748692274093628
-0.12489808350801468
-0.3388368785381317
-0.2283148616552353
-0.3276527225971222
-0.008613800629973412
-0.3109440505504608
0.18704737722873688
-0.009589005261659622
-0.24065794050693512
-0.32136401534080505
-0.007448059506714344
-0.029595403000712395
-0.046483587473630905
-0.33533695340156555
0.059210218489170074
-0.12824730575084686
0.14481304585933685
-0.0605362132191658
0.16426773369312286
0.21023154258728027
-0.24596358835697174
-0.14261776208877563
0.0043338509276509285
0.3176996409893036
-0.3267316520214081
-0.48651859164237976
0.28169432282447815
0.16097155213356018
-0.1428116410970688
0.4311386048793793
-0.19285398721694946
0.085544653236866
0.015830034390091896
-0.2652209401130676
-0.0014987990725785494
0.022260786965489388
-0.11012421548366547
0.05662767216563225
-0.27634382247924805
0.10655304789543152
0.07991219311952591
-0.2768431305885315
0.062161192297935486
0.1311129480600357
0.1281266063451767
0.023102860897779465
-0.20467068254947662
-0.0021672348957508802
-0.04571416601538658
-0.046865079551935196
0.3386521339416504
0.34633514285087585
-0.0659923106431961
0.03748203441500664
0.22765709459781647
-0.03325452655553818
-0.1683664470911026
0.20996208488941193
0.33532461524009705
-0.06487978249788284
0.49907612800598145
-0.04928964376449585
-0.10543777793645859
0.02344910427927971
-0.01821586675941944
-0.2996833324432373
-0.08342285454273224
-0.2706579864025116
0.11458329111337662
-0.09333466738462448
-0.21687893569469452
0.28137871623039246
-0.4237745404243469
0.050373293459415436
0.1118699386715889
0.2339898943901062
0.3318166732788086
0.13352401554584503
0.2233467549085617
-0.2577081322669983
-0.19646446406841278
-0.030486298725008965
0.005330969579517841
-0.0661509707570076
-0.003256655763834715
0.2745870053768158
0.11963756382465363
0.2555786669254303
-0.10415327548980713
-0.24773435294628143
0.41224974393844604
-0.1987854540348053
0.17209114134311676
-0.17448905110359192
0.29846903681755066
0.24291826784610748
-0.055313654243946075
0.35134631395339966
-0.329718679189682
-0.2889617085456848
-0.3704526424407959
0.010124113410711288
0.03944956511259079
0.28941410779953003
0.2906043231487274
0.21847404539585114
-0.08329610526561737
-0.0848967507481575
-0.1163722425699234
0.002114273142069578
0.23220904171466827
-0.2592068314552307
-0.037323616445064545
0.23993639647960663
-0.22387057542800903
0.24942533671855927
-0.23242513835430145
0.21619023382663727
0.05256752297282219
-0.0019115568138659
0.38813385367393494
0.0534089058637619
-0.34746095538139343
0.08756119757890701
-0.23591095209121704
0.46028876304626465
0.09762803465127945
-0.24052055180072784
0.21265964210033417
0.23354627192020416
0.07483533769845963
0.21017682552337646
-0.41033679246902466
0.07850777357816696
-0.21942484378814697
-0.11894393712282181
0.21305465698242188
-0.18642081320285797
0.22501912713050842
-0.05691246688365936
0.212615966796875
0.010112171992659569
0.028442485257983208
-0.1261109709739685
-0.24181760847568512
-0.2781025469303131
-0.16110731661319733
-0.09655684977769852
0.17548775672912598
0.21157991886138916
-0.19804634153842926
0.2211669236421585
-0.23346273601055145
-0.20198503136634827
0.22687238454818726
0.1798490732908249
0.2952216863632202
0.2980209290981293
0.08499456197023392
0.035566698759794235
-0.047256410121917725
-0.12573087215423584
-0.18717925250530243
0.10345794260501862
0.04678644239902496
-0.2024979293346405
0.011722532100975513
0.20389720797538757
-0.06810163706541061
0.19474324584007263
0.23965603113174438
-0.35031259059906006
0.006434114649891853
0.044147685170173645
-0.08723265677690506
-0.1860131472349167
-0.2883649468421936
0.14945724606513977
-0.30167970061302185
0.265310138463974
-0.12236981093883514
0.0982673391699791
0.28821879625320435
0.2859562039375305
-0.10050160437822342
0.019966445863246918
0.18822820484638214
0.018303964287042618
-0.09094320237636566
0.19734151661396027
0.010221702046692371
0.12545283138751984
-0.231162890791893
-0.3864554762840271
-0.238361656665802
0.09539884328842163
0.19989310204982758
0.08757267892360687
0.32247745990753174
0.24442048370838165
0.3525148332118988
0.0774100050330162
-0.26354220509529114
-0.0302291139960289
-0.10679368674755096
0.14497140049934387
-0.3812384307384491
-0.2580845057964325
-0.02385786361992359
0.23977477848529816
0.019580982625484467
-0.13123151659965515
-0.10839270800352097
-0.2439802587032318
0.14283132553100586
-0.14871206879615784
0.2071683257818222
-0.335693359375
0.08603805303573608
-0.16469843685626984
0.17798089981079102
-0.39249005913734436
0.2749966084957123
0.12872566282749176
-0.14038397371768951
0.02342265471816063
-0.06188416853547096
-0.41851258277893066
-0.07128098607063293
-0.21635882556438446
-0.3137884736061096
-0.06118309125304222
-0.2064186930656433
0.024002712219953537
-0.19350209832191467
0.39699625968933105
0.04531857371330261
-0.1572858840227127
-0.11727286875247955
-0.01713643968105316
0.11022371053695679
0.2163846641778946
0.10876992344856262
-0.3201185464859009
-0.031631335616111755
0.1807267963886261
-0.06768976897001266
0.15421441197395325
-0.35836362838745117
0.23236757516860962
0.438373863697052
0.01423624251037836
-0.1718594878911972
0.05416228249669075
0.2553580403327942
0.24954305589199066
-0.061309147626161575
0.33569347858428955
-0.03472305089235306
0.02479509264230728
0.1558445543050766
-0.07246575504541397
0.14017163217067719
-0.12379095703363419
-0.09338225424289703
