0.05195058137178421
-0.42620134353637695
0.015877312049269676
-0.4006592631340027
-0.1161324605345726
0.0
0.0
0.0
0.1888880431652069
-0.20617708563804626
-0.3408677279949188
0.3672977089881897
0.19774556159973145
0.0
0.0
0.0
-0.11644157022237778
0.35518136620521545
0.043522559106349945
-0.3254220485687256
-0.030483612790703773
0.0
0.0
0.0
0.2811231017112732
-0.3935609459877014
0.5621104836463928
-0.022374669089913368
-0.46923011541366577
0.0
0.0
0.0
-0.39809367060661316
-0.2920304536819458
0.09180372953414917
0.21268320083618164
-0.33109694719314575
0.0
0.0
0.0
0.3736180067062378
0.21699625253677368
0.031806427985429764
0.008721004240214825
0.2544909417629242
0.0
0.0
0.0
0.3799383342266083
-0.14852014183998108
-0.22128847241401672
0.36468505859375
0.31345924735069275
0.0
0.0
0.0
-0.06259879469871521
-0.11022365093231201
0.14988039433956146
0.23225781321525574
-0.021499931812286377
0.0
0.0
0.0
0.3101177215576172
0.18462851643562317
-0.45315706729888916
0.29409244656562805
0.04368370398879051
0.0
0.0
0.0
-0.19707435369491577
-0.4510498344898224
0.2648313641548157
-0.615186333656311
0.1500319242477417
0.0
0.0
0.0
0.3523615300655365
0.25127482414245605
0.40662676095962524
0.25008830428123474
-0.4209863543510437
0.0
0.0
0.0
0.10325267165899277
-0.5592734217643738
0.1996249258518219
-0.4796142280101776
-0.02819393016397953
0.0
0.0
0.0
-0.2665276825428009
-0.29828375577926636
-0.35136109590530396
0.3794681131839752
0.31277477741241455
0.0
0.0
0.0
0.39908814430236816
-0.3368450999259949
0.05397516116499901
0.27460384368896484
0.19697949290275574
0.0
0.0
0.0
-0.5118332505226135
-0.14097650349140167
-0.15741987526416779
0.49028629064559937
0.04108044132590294
0.0
0.0
0.0
0.2734687924385071
0.33460503816604614
-0.2795962691307068
-0.48002663254737854
0.04363926500082016
0.0
0.0
0.0
-0.3038991391658783
-0.3350358307361603
-0.12392529845237732
0.5894327759742737
-0.16117797791957855
0.0
0.0
0.0
-0.21993471682071686
-0.32825595140457153
-0.42607855796813965
0.4603165090084076
0.03261018171906471
0.0
0.0
0.0
0.21017783880233765
-0.3052939772605896
-0.2931555211544037
0.11115662753582001
0.4202399253845215
0.0
0.0
0.0
-0.18371523916721344
-0.28388142585754395
0.2735660970211029
0.21476653218269348
-0.702774167060852
0.0
0.0
0.0
