0.3385947346687317
0.11810067296028137
-0.2855767607688904
-0.20236071944236755
0.13984496891498566
-0.25563159584999084
-0.16751545667648315
0.06663020700216293
-0.3068178594112396
0.2775404155254364
-0.0023181899450719357
0.004776700399816036
0.10438136011362076
0.10032361000776291
-0.08643912523984909
0.018588321283459663
0.20367136597633362
-0.19883495569229126
-0.29993996024131775
-0.10442385822534561
0.2145315259695053
0.42518293857574463
-0.190419003367424
0.4101601243019104
-0.20552422106266022
0.12730996310710907
-0.20248828828334808
0.13293112814426422
0.10646133869886398
0.1449018120765686
0.24776022136211395
-0.1141095757484436
-0.06798311322927475
0.07034923136234283
0.11987107247114182
0.3548862338066101
-0.29322174191474915
0.11543503403663635
0.12347162514925003
-0.02447810210287571
0.4004821181297302
0.4542296230792999
-0.1905091553926468
0.20425555109977722
0.38483360409736633
-0.1709548532962799
-0.22153188288211823
0.2455628216266632
-0.1508748084306717
-0.2584049105644226
-0.3471253216266632
-0.2024313360452652
0.14167773723602295
0.036257173866033554
0.38310471177101135
0.18892256915569305
-0.2786836624145508
-0.19640673696994781
0.10854673385620117
0.3043056130409241
-0.00015129872190300375
-0.2784924805164337
-0.08109842240810394
0.17797178030014038
0.1256827414035797
0.027839070186018944
0.07419102638959885
0.12862524390220642
-0.2835087180137634
-0.31621280312538147
0.3872661590576172
0.5015144348144531
0.4308459460735321
-0.057888515293598175
0.18201930820941925
-0.14915871620178223
0.22989878058433533
0.5199990272521973
-0.2217111587524414
-0.22501099109649658
-0.269698828458786
0.050901733338832855
-0.12325794994831085
-0.24323613941669464
-0.15694384276866913
-0.027034306898713112
0.3162285387516022
0.27239999175071716
-0.4084191918373108
-0.3299025893211365
-0.09265624731779099
0.02511417493224144
-0.28934186697006226
-0.24361376464366913
0.3132966160774231
0.20754466950893402
0.24821479618549347
-0.2777768075466156
0.38906487822532654
0.40281572937965393
-0.19305211305618286
0.45655715465545654
-0.06940297782421112
0.267304927110672
-0.0038046976551413536
0.07646680623292923
0.13441988825798035
0.3036037087440491
0.28010064363479614
-0.03956253081560135
0.3054584264755249
0.3988841474056244
0.23777224123477936
0.38823217153549194
0.010930238291621208
-0.014005264267325401
-0.0012845793971791863
0.3447633683681488
0.1702832728624344
-0.19032320380210876
-0.17782184481620789
0.0448077917098999
0.004711643327027559
-0.1910739690065384
0.2293998748064041
-0.12087389081716537
0.2634694278240204
-0.08129432797431946
-0.13405005633831024
0.08280199021100998
-0.07411002367734909
0.2741490602493286
-0.4282343089580536
0.2715246379375458
0.4043746888637543
0.02774519845843315
0.04612144082784653
-0.357735812664032
0.39551064372062683
0.3885793089866638
-0.38719308376312256
0.46760955452919006
0.010229888372123241
0.13449953496456146
-0.3480309545993805
0.14763547480106354
-0.3761671781539917
0.47940462827682495
0.2525264322757721
-0.3797762393951416
-0.028874443843960762
0.2981311082839966
-0.04584108665585518
-0.18226724863052368
-0.12952637672424316
0.1927722990512848
-0.003527495777234435
0.047777023166418076
0.48932427167892456
-0.27898144721984863
0.19082289934158325
0.32872462272644043
0.3734424114227295
-0.16155794262886047
-0.18343119323253632
-0.09173764288425446
-0.4398582875728607
0.18800382316112518
0.4362795948982239
0.16578558087348938
0.2897270917892456
-0.10381920635700226
0.23552915453910828
0.17957177758216858
0.2769685983657837
-0.1862763613462448
0.04252593591809273
0.07299730181694031
0.15570928156375885
-0.32793641090393066
0.13159991800785065
-0.06571736931800842
-0.006811071187257767
-0.3243735730648041
0.000603847554884851
-0.27781689167022705
0.13441556692123413
-0.2285434752702713
0.06646663695573807
0.1788548082113266
-0.28461146354675293
-0.48522165417671204
-0.4264911413192749
-0.3461705446243286
0.26207754015922546
0.05468608811497688
-0.47388115525245667
0.14498136937618256
-0.03165057674050331
-0.1597609966993332
0.15905340015888214
-0.3011709749698639
0.04660966247320175
-0.1428348273038864
-0.08404284715652466
-0.0025067112874239683
-0.13163088262081146
0.10905139148235321
0.39149683713912964
0.25033554434776306
-0.04321371018886566
0.08965256810188293
0.38262325525283813
0.004277197644114494
0.016282515600323677
0.2429850548505783
0.12081538140773773
0.0791323184967041
0.1504453420639038
-0.08435021340847015
0.050375986844301224
-0.09039107710123062
0.2527056336402893
0.2604512870311737
-0.3574080467224121
0.34767159819602966
-0.09356950223445892
0.42024415731430054
-0.37538740038871765
-0.311160147190094
-0.3077835738658905
-0.061175405979156494
0.25353485345840454
0.05122406780719757
0.19355304539203644
0.1549879014492035
-0.07547122240066528
0.01960683800280094
-0.188567116856575
-0.048092182725667953
-0.002575322287157178
-0.25410619378089905
-0.4305391311645508
0.3937707245349884
-0.44051647186279297
-0.3261842727661133
-0.07286028563976288
0.10272321850061417
-0.2194032520055771
0.13230974972248077
0.20512434840202332
0.1396997720003128
-0.16387416422367096
0.43587517738342285
-0.05019453167915344
0.06685645878314972
-0.02691963128745556
0.10096727311611176
-0.1754988431930542
-0.5020756721496582
-0.01628134585916996
-0.0967293232679367
-0.43026119470596313
0.16274119913578033
-0.04936151206493378
0.06819765269756317
-0.2603861391544342
-0.06282166391611099
0.05509715527296066
-0.33094486594200134
-0.3195008635520935
0.1570708304643631
0.26156678795814514
0.003343545366078615
-0.3517278730869293
0.11808738112449646
-0.02371998131275177
0.05385008454322815
-0.20001016557216644
-0.19503414630889893
-0.40576475858688354
-0.039079081267118454
-0.30959999561309814
0.09471019357442856
0.3172454535961151
0.09056071192026138
-0.03308354318141937
-0.07604344189167023
-0.070195771753788
0.20733141899108887
-0.06014879420399666
0.35811442136764526
-0.35945630073547363
0.29866930842399597
-0.18187315762043
-0.3353477120399475
-0.3844238519668579
0.3051948845386505
-0.15116839110851288
0.03322010487318039
0.4871169626712799
0.07464145869016647
0.1507936418056488
0.09585273265838623
-0.258532851934433
0.24024978280067444
-0.06278635561466217
-0.3278787434101105
0.11654443293809891
0.0072199394926428795
0.1208486557006836
0.28665751218795776
-0.3254893720149994
0.0998293086886406
0.39958927035331726
0.12000691890716553
-0.18085584044456482
0.08329158276319504
0.2387607991695404
-0.09551053494215012
0.5608411431312561
-0.18785500526428223
-0.05169796943664551
-0.13761189579963684
-0.1558983027935028
0.3216739892959595
-0.11402034014463425
0.17993836104869843
-0.08165833353996277
0.15740008652210236
-0.15810692310333252
-0.038280222564935684
0.0802147164940834
0.4850236773490906
-0.3728865683078766
0.49771589040756226
0.2948981821537018
0.3733111619949341
0.10530801862478256
-0.0018488027853891253
0.2126372903585434
0.18213342130184174
0.004375284072011709
0.08487619459629059
-0.37406718730926514
0.2505497634410858
0.06868075579404831
-0.04288097470998764
0.07002682983875275
0.08066165447235107
0.5021868348121643
0.24057699739933014
0.32187122106552124
0.21087874472141266
0.061821069568395615
-0.15973977744579315
0.07635702192783356
0.15620224177837372
0.37704089283943176
0.043803002685308456
-0.056827325373888016
-0.05717115104198456
0.16902166604995728
0.3759474754333496
-0.33666208386421204
-0.052979204803705215
-0.33547312021255493
0.23821797966957092
-0.11762838810682297
-0.33341869711875916
-0.24916453659534454
0.06516320258378983
-0.1784750521183014
-0.23619666695594788
-0.13556674122810364
-0.17667262256145477
0.1492195874452591
-0.0021189607214182615
-0.21094778180122375
0.21621130406856537
0.2976253628730774
-0.1314089149236679
0.2684667408466339
-0.1619955599308014
-0.19348874688148499
0.23215754330158234
0.042173586785793304
-0.051428377628326416
-0.11791106313467026
-0.2045009583234787
-0.36919087171554565
0.18168698251247406
-0.4359261691570282
-0.304974764585495
0.02045261487364769
0.22299949824810028
-0.27156051993370056
-0.40060582756996155
0.41611310839653015
0.45072880387306213
