-0.3066108226776123
-0.45321133732795715
-0.41782742738723755
0.3287447988986969
0.041762758046388626
-0.30608707666397095
0.07841568440198898
-0.30688488483428955
-0.12359756976366043
-0.17118807137012482
0.11624881625175476
0.09855058789253235
-0.057468414306640625
0.3829604685306549
-0.18220873177051544
-0.5618017911911011
0.26243042945861816
-0.011117958463728428
-0.02279381826519966
-0.4535441994667053
-0.049091141670942307
0.17758551239967346
-0.2320529818534851
0.06052134186029434
-0.06586375832557678
0.037566833198070526
-0.5154221057891846
0.36634206771850586
0.3554155230522156
0.3893359303474426
-0.13440698385238647
0.10342363268136978
0.12431106716394424
-0.12387631088495255
-0.28462693095207214
0.010075671598315239
0.3203575313091278
-0.0050916653126478195
-0.023152269423007965
0.1013626903295517
0.1284576654434204
-0.28948360681533813
0.16729168593883514
-0.12318305671215057
0.03696605935692787
0.1791633516550064
-0.2289677858352661
0.08894480764865875
-0.3619479835033417
-0.08902234584093094
0.08290152996778488
0.4277239739894867
0.049310773611068726
-0.17563477158546448
0.25146159529685974
0.1971612125635147
0.14998812973499298
-0.04306209087371826
0.015987051650881767
-0.10949476808309555
-0.20201356709003448
-0.34634849429130554
-0.45391640067100525
0.11329089105129242
0.4325159192085266
-0.12860406935214996
-0.2016478031873703
-0.19631363451480865
0.12643398344516754
-0.33784765005111694
-0.010577792301774025
0.07350336760282516
0.24445298314094543
-0.13714425265789032
0.2106095254421234
0.09515970945358276
0.1450599581003189
0.22529955208301544
-0.13898877799510956
-0.38564491271972656
0.07545994222164154
0.02746203914284706
-0.05094483867287636
0.3665771782398224
-0.2666962742805481
-0.08592727780342102
0.0395934134721756
0.013403605669736862
0.17256154119968414
-0.12712636590003967
-0.12193719297647476
0.09342006593942642
-0.2916099727153778
-0.42238250374794006
0.23936305940151215
-0.030890006572008133
-0.1502513438463211
-0.08906740695238113
0.1585530936717987
0.27919551730155945
0.04735150560736656
0.21079771220684052
-0.010382512584328651
-0.18779681622982025
-0.18850430846214294
-0.014033261686563492
-0.18239593505859375
0.05167199298739433
0.0400727242231369
-0.11263003200292587
-0.02063259482383728
-0.23974964022636414
0.14856266975402832
-0.13179202377796173
0.09336581826210022
0.0836099237203598
-0.12465744465589523
0.07247241586446762
0.08581733703613281
0.011694423854351044
0.2173503190279007
0.4662041664123535
-0.20433276891708374
0.20225174725055695
0.25621771812438965
0.22810763120651245
0.10625752061605453
0.08869674056768417
-0.057870347052812576
0.06516668200492859
-0.2851441204547882
-0.15509817004203796
-0.0004177197115495801
-0.348786324262619
-0.21903374791145325
0.1437128633260727
0.2947365939617157
-0.17970865964889526
0.43475136160850525
-0.10794810950756073
0.03366871550679207
0.2247350662946701
-0.00045619872980751097
0.048219628632068634
-0.08374352753162384
-0.030358264222741127
-0.2650051712989807
0.24924656748771667
-0.16871672868728638
-0.2140347808599472
0.2710893154144287
-0.3180588185787201
0.2108423113822937
0.017601005733013153
-0.13689979910850525
0.008400012739002705
0.3316406309604645
0.27644962072372437
0.23188631236553192
-0.27864518761634827
0.29403412342071533
0.30137312412261963
0.3334183096885681
0.2993904650211334
-0.23702338337898254
-0.06404301524162292
-0.49147000908851624
0.281753808259964
0.3731314539909363
0.08579985797405243
-0.08183733373880386
0.048066116869449615
-0.08767106384038925
-0.006492133252322674
-0.1252158135175705
0.07800517231225967
-0.04245957359671593
0.0988360047340393
-0.1849178522825241
0.20914460718631744
-0.23295162618160248
-0.29912832379341125
0.06591493636369705
0.18179062008857727
0.017786551266908646
-0.03594932705163956
0.18157458305358887
0.14406102895736694
-0.11382348090410233
-0.21598628163337708
0.09807444363832474
-0.10799194127321243
-0.193173348903656
-0.21860851347446442
0.2584778666496277
0.04025205597281456
-0.35962235927581787
0.26691198348999023
-0.05182132497429848
-0.19621555507183075
0.34674131870269775
-0.13573606312274933
-0.2176998406648636
0.10957349836826324
0.12227685749530792
0.32518133521080017
-0.3713902533054352
-0.01155147235840559
-0.0008718846365809441
-0.12022870779037476
-0.056967593729496
-0.07093129307031631
0.2012886255979538
0.1302453577518463
-0.316683828830719
-0.03340548276901245
-0.13273492455482483
-0.24040630459785461
0.13361108303070068
0.2767762839794159
-0.5292577743530273
-0.4214358627796173
-0.10629285126924515
0.30039212107658386
0.02827734872698784
-0.038011692464351654
0.2273263782262802
-0.0739997997879982
-0.2640624940395355
-0.19505132734775543
-0.07851696014404297
-0.0978359580039978
-0.09776176512241364
-0.12056973576545715
0.19385237991809845
0.003650766098871827
0.19536305963993073
0.23638075590133667
-0.2871108651161194
-0.37210366129875183
-0.12782476842403412
0.03553440421819687
0.26714661717414856
-0.13199010491371155
-0.022662006318569183
-0.09347479045391083
-0.14929203689098358
0.28244495391845703
-0.20057837665081024
-0.139665886759758
0.18446028232574463
-0.15685062110424042
0.04242653027176857
-0.2462705373764038
-0.08210693299770355
0.009137959219515324
0.028524668887257576
-0.03321152925491333
-0.039012450724840164
0.3464736044406891
-0.019195102155208588
0.005118329077959061
-0.16390502452850342
-0.14648789167404175
-0.18315459787845612
0.00010332607780583203
0.23217558860778809
-0.2394614815711975
-0.08396609127521515
-0.17250344157218933
-0.07887288928031921
0.009035262279212475
0.04890387877821922
-0.0022879221942275763
0.19141045212745667
0.22832046449184418
-0.08538701385259628
-0.12320157140493393
0.06179739534854889
0.0597754567861557
-0.1554022878408432
-0.0106129702180624
-0.1576678305864334
0.1682867854833603
-0.08281474560499191
0.20183691382408142
-0.2500159442424774
0.06559129804372787
0.1115855872631073
0.023573903366923332
0.027113744989037514
0.3619347810745239
0.342033326625824
-0.3972260653972626
-0.1457505077123642
-0.2344188541173935
0.05176083371043205
-0.1341346949338913
0.07524656504392624
-0.15807309746742249
-0.4258306324481964
-0.3402547538280487
0.12205357849597931
-0.05586017668247223
0.1090850755572319
-0.2471989393234253
0.2570054233074188
0.17182157933712006
-0.3843802511692047
-0.022878006100654602
-0.37001168727874756
0.4651048183441162
0.3394947946071625
0.2684582769870758
0.3639275133609772
-0.33854612708091736
0.09628459811210632
-0.006742670200765133
0.058940403163433075
0.07797988504171371
0.28188207745552063
0.19654124975204468
0.34682899713516235
0.15365000069141388
-0.3234676718711853
0.10260053724050522
-0.3239325284957886
0.15415450930595398
0.4418114125728607
0.3595670759677887
0.3252197802066803
-0.2868282198905945
0.1619136929512024
-0.3315097689628601
-0.087013840675354
0.10079476982355118
0.19017641246318817
0.10043022036552429
-0.11023679375648499
-0.026553107425570488
0.12792062759399414
0.18558937311172485
0.293775737285614
0.22410953044891357
0.07640238851308823
0.1414613276720047
-0.04557447135448456
0.08406943082809448
0.14827603101730347
-0.041281551122665405
0.2290249913930893
0.15702177584171295
0.0038651255890727043
-0.020460568368434906
-0.09218596667051315
-0.059832848608493805
0.01404536236077547
-0.16112346947193146
0.29188597202301025
-0.15396082401275635
-0.09570501744747162
0.02497737482190132
-0.020292285829782486
-0.03541497513651848
0.1749158501625061
0.06839065998792648
-0.24172864854335785
0.4478306174278259
-0.04845839738845825
0.31755530834198
-0.10999799519777298
-0.3816066086292267
0.4811181426048279
0.09990204125642776
-0.03099190816283226
-0.18219241499900818
0.09673566371202469
0.28192898631095886
0.1488804966211319
-0.14966516196727753
-0.20311208069324493
0.042954154312610626
-0.18949703872203827
0.049929674714803696
0.16282913088798523
-0.056218698620796204
-0.029346326366066933
0.029963601380586624
-0.5327562093734741
-0.3501383662223816
-0.45571067929267883
0.5537397265434265
0.40151557326316833
0.43276870250701904
0.017897093668580055
-0.4857029616832733
-0.10802826285362244
0.11292650550603867
-0.19158117473125458
-0.1427084505558014
